# NS-045 helicity-depletion mechanism audit — matched-spectrum pair (kmax=4, seed=20260605)
# IC helical: E=0.125000 Z=1.150991 H=+0.734331 rhoH=+0.9680  E+/-=(17179869184.0000,0.0000) frac+=1.000  divmax=5.8e-12
# IC control: E=0.125000 Z=1.150991 H=-0.052088 rhoH=-0.0687  E+/-=(7607461908.1700,9572407275.8300) frac+=0.443  divmax=7.4e-12
# matched-spectrum check: |dE|=1.39e-17 |dZ|=4.44e-16 (want ~0)

# HELICAL  N=64  nu=6.25000e-04  T=8.0  dt=0.010
# t      E           Z           H            rhoH    P            Sw       c2int  c2max  beltcos2 cosUW    lamb2
0.000  1.250000e-01  1.150991e+00  +7.343315e-01  +0.9680  -1.311563e-03  -0.00038  0.3327  0.3329  0.9200  +0.9534  0.0261
0.500  1.242821e-01  1.148333e+00  +7.296380e-01  +0.9657  +2.271910e-02  +0.00653  0.3364  0.3374  0.9154  +0.9503  0.0274
1.000  1.235619e-01  1.158535e+00  +7.248978e-01  +0.9580  +5.225255e-02  +0.01481  0.3481  0.3378  0.9023  +0.9412  0.0317
1.500  1.228305e-01  1.185358e+00  +7.200105e-01  +0.9435  +9.403887e-02  +0.02576  0.3664  0.3345  0.8812  +0.9253  0.0394
2.000  1.220754e-01  1.235418e+00  +7.148397e-01  +0.9204  +1.561091e-01  +0.04019  0.3914  0.3277  0.8532  +0.9024  0.0512
2.500  1.212796e-01  1.316919e+00  +7.091852e-01  +0.8873  +2.438891e-01  +0.05706  0.4234  0.3171  0.8178  +0.8714  0.0683
3.000  1.204212e-01  1.436792e+00  +7.027739e-01  +0.8448  +3.574876e-01  +0.07339  0.4582  0.3049  0.7753  +0.8317  0.0915
3.500  1.194745e-01  1.600696e+00  +6.952872e-01  +0.7950  +4.999852e-01  +0.08729  0.4904  0.2941  0.7278  +0.7843  0.1210
4.000  1.184094e-01  1.817405e+00  +6.863753e-01  +0.7398  +6.855743e-01  +0.09893  0.5213  0.2832  0.6787  +0.7311  0.1571
4.500  1.171894e-01  2.097630e+00  +6.756119e-01  +0.6813  +9.177319e-01  +0.10680  0.5441  0.2766  0.6291  +0.6725  0.2007
5.000  1.157733e-01  2.445460e+00  +6.625109e-01  +0.6226  +1.190480e+00  +0.11006  0.5581  0.2725  0.5822  +0.6106  0.2490
5.500  1.141186e-01  2.860854e+00  +6.466760e-01  +0.5659  +1.501269e+00  +0.10969  0.5607  0.2736  0.5390  +0.5487  0.2956
6.000  1.121820e-01  3.349446e+00  +6.278291e-01  +0.5121  +1.880173e+00  +0.10844  0.5501  0.2824  0.5028  +0.4882  0.3342
6.500  1.099152e-01  3.916587e+00  +6.057056e-01  +0.4616  +2.305816e+00  +0.10518  0.5371  0.2914  0.4720  +0.4324  0.3723
7.000  1.072701e-01  4.563406e+00  +5.802866e-01  +0.4147  +2.826634e+00  +0.10252  0.5230  0.2993  0.4475  +0.3814  0.4097
7.500  1.041914e-01  5.300010e+00  +5.517080e-01  +0.3712  +3.385525e+00  +0.09810  0.5059  0.3077  0.4275  +0.3349  0.4471
8.000  1.006362e-01  6.081438e+00  +5.200522e-01  +0.3324  +3.924461e+00  +0.09252  0.4814  0.3193  0.4103  +0.2937  0.4824

# CONTROL  N=64  nu=6.25000e-04  T=8.0  dt=0.010
# t      E           Z           H            rhoH    P            Sw       c2int  c2max  beltcos2 cosUW    lamb2
0.000  1.250000e-01  1.150991e+00  -5.208813e-02  -0.0687  -1.961018e-02  -0.00561  0.3274  0.3319  0.3236  -0.0680  0.6880
0.500  1.242628e-01  1.245077e+00  -5.193797e-02  -0.0660  +4.311497e-01  +0.10972  0.3655  0.4150  0.3253  -0.0686  0.6893
1.000  1.233975e-01  1.561832e+00  -5.181203e-02  -0.0590  +9.161380e-01  +0.16595  0.4881  0.3701  0.3324  -0.0652  0.6657
1.500  1.222609e-01  2.115868e+00  -5.170111e-02  -0.0508  +1.507783e+00  +0.17321  0.6017  0.2915  0.3423  -0.0571  0.6471
2.000  1.207037e-01  2.902366e+00  -5.149819e-02  -0.0435  +2.181040e+00  +0.15595  0.6553  0.2443  0.3483  -0.0472  0.6422
2.500  1.185966e-01  3.862980e+00  -5.106248e-02  -0.0377  +2.871186e+00  +0.13370  0.6482  0.2394  0.3508  -0.0376  0.6438
3.000  1.158553e-01  4.921480e+00  -5.025591e-02  -0.0333  +3.551413e+00  +0.11500  0.6103  0.2547  0.3514  -0.0318  0.6488
3.500  1.124274e-01  6.062514e+00  -4.871687e-02  -0.0295  +4.359866e+00  +0.10326  0.5628  0.2782  0.3499  -0.0251  0.6447
4.000  1.082605e-01  7.277102e+00  -4.560177e-02  -0.0257  +5.193977e+00  +0.09354  0.5099  0.3051  0.3484  -0.0212  0.6396
4.500  1.033284e-01  8.504827e+00  -4.228448e-02  -0.0226  +6.013853e+00  +0.08573  0.4690  0.3249  0.3485  -0.0179  0.6357
5.000  9.763752e-02  9.683488e+00  -3.932185e-02  -0.0202  +6.629881e+00  +0.07779  0.4406  0.3362  0.3466  -0.0172  0.6363
5.500  9.126249e-02  1.068243e+01  -3.614292e-02  -0.0183  +7.003124e+00  +0.07092  0.4231  0.3422  0.3448  -0.0171  0.6373
6.000  8.435296e-02  1.135894e+01  -3.304699e-02  -0.0169  +6.841317e+00  +0.06318  0.4094  0.3445  0.3412  -0.0168  0.6437
6.500  7.714291e-02  1.164308e+01  -3.061372e-02  -0.0162  +6.417374e+00  +0.05711  0.3992  0.3454  0.3404  -0.0158  0.6470
7.000  6.989296e-02  1.149056e+01  -2.831529e-02  -0.0158  +5.711719e+00  +0.05185  0.3923  0.3453  0.3400  -0.0149  0.6497
7.500  6.285119e-02  1.098926e+01  -2.590582e-02  -0.0156  +4.912379e+00  +0.04768  0.3884  0.3449  0.3374  -0.0167  0.6578
8.000  5.621090e-02  1.022594e+01  -2.388438e-02  -0.0158  +4.150216e+00  +0.04487  0.3827  0.3456  0.3371  -0.0151  0.6594
# DONE
