# NS-045 helicity-depletion mechanism audit — matched-spectrum pair (kmax=4, seed=20260605)
# IC helical: E=0.125000 Z=1.150991 H=+0.734331 rhoH=+0.9680  E+/-=(1099511627775.9971,0.0000) frac+=1.000  divmax=4.5e-11
# IC control: E=0.125000 Z=1.150991 H=-0.052088 rhoH=-0.0687  E+/-=(486877562122.8789,612634065653.1182) frac+=0.443  divmax=3.3e-11
# matched-spectrum check: |dE|=2.78e-17 |dZ|=0.00e+00 (want ~0)

# HELICAL  N=128  nu=6.25000e-04  T=5.0  dt=0.010
# t      E           Z           H            rhoH    P            Sw       c2int  c2max  beltcos2 cosUW    lamb2
0.000  1.250000e-01  1.150991e+00  +7.343315e-01  +0.9680  -1.311563e-03  -0.00038  0.3327  0.3329  0.9200  +0.9534  0.0261
0.500  1.242821e-01  1.148333e+00  +7.296380e-01  +0.9657  +2.271910e-02  +0.00653  0.3364  0.3374  0.9154  +0.9503  0.0274
1.000  1.235619e-01  1.158535e+00  +7.248978e-01  +0.9580  +5.225282e-02  +0.01481  0.3481  0.3378  0.9023  +0.9412  0.0317
1.500  1.228305e-01  1.185363e+00  +7.200105e-01  +0.9435  +9.409464e-02  +0.02578  0.3664  0.3345  0.8813  +0.9253  0.0394
2.000  1.220754e-01  1.235565e+00  +7.148396e-01  +0.9203  +1.573456e-01  +0.04051  0.3917  0.3276  0.8535  +0.9024  0.0510
2.500  1.212793e-01  1.318107e+00  +7.091807e-01  +0.8869  +2.519701e-01  +0.05887  0.4262  0.3153  0.8200  +0.8722  0.0673
3.000  1.204193e-01  1.441055e+00  +7.027349e-01  +0.8435  +3.830310e-01  +0.07828  0.4677  0.2988  0.7813  +0.8351  0.0892
3.500  1.194686e-01  1.608934e+00  +6.951333e-01  +0.7928  +5.490737e-01  +0.09512  0.5107  0.2809  0.7383  +0.7917  0.1177
4.000  1.183977e-01  1.827105e+00  +6.860033e-01  +0.7375  +7.578429e-01  +0.10849  0.5509  0.2642  0.6939  +0.7438  0.1545
4.500  1.171719e-01  2.106277e+00  +6.748964e-01  +0.6793  +1.028413e+00  +0.11895  0.5861  0.2499  0.6504  +0.6931  0.1989
5.000  1.157507e-01  2.453334e+00  +6.612891e-01  +0.6205  +1.369425e+00  +0.12600  0.6123  0.2383  0.6088  +0.6407  0.2486

# CONTROL  N=128  nu=6.25000e-04  T=5.0  dt=0.010
# t      E           Z           H            rhoH    P            Sw       c2int  c2max  beltcos2 cosUW    lamb2
0.000  1.250000e-01  1.150991e+00  -5.208813e-02  -0.0687  -1.961018e-02  -0.00561  0.3274  0.3319  0.3236  -0.0679  0.6880
0.500  1.242628e-01  1.245077e+00  -5.193797e-02  -0.0660  +4.311498e-01  +0.10972  0.3655  0.4150  0.3253  -0.0686  0.6893
1.000  1.233975e-01  1.561929e+00  -5.181227e-02  -0.0590  +9.175574e-01  +0.16619  0.4883  0.3701  0.3323  -0.0652  0.6657
1.500  1.222600e-01  2.120814e+00  -5.171723e-02  -0.0508  +1.550471e+00  +0.17749  0.6086  0.2875  0.3418  -0.0579  0.6482
2.000  1.206927e-01  2.934945e+00  -5.153194e-02  -0.0433  +2.410108e+00  +0.16947  0.6920  0.2212  0.3478  -0.0479  0.6430
2.500  1.185491e-01  3.948821e+00  -5.116312e-02  -0.0374  +3.461193e+00  +0.15595  0.7245  0.1920  0.3511  -0.0397  0.6442
3.000  1.157406e-01  5.043810e+00  -5.036186e-02  -0.0330  +4.561319e+00  +0.14237  0.7224  0.1873  0.3522  -0.0332  0.6507
3.500  1.122363e-01  6.178589e+00  -4.916819e-02  -0.0295  +5.839742e+00  +0.13444  0.7017  0.1979  0.3513  -0.0274  0.6541
4.000  1.080074e-01  7.360522e+00  -4.632839e-02  -0.0260  +7.391307e+00  +0.13086  0.6637  0.2199  0.3512  -0.0230  0.6511
4.500  1.030374e-01  8.534095e+00  -4.109520e-02  -0.0219  +9.051767e+00  +0.12837  0.6242  0.2442  0.3511  -0.0205  0.6485
5.000  9.735860e-02  9.605234e+00  -3.572727e-02  -0.0185  +1.046920e+01  +0.12434  0.5885  0.2674  0.3510  -0.0201  0.6449
# DONE
